x<-c(42,55,64,70,75,78,80,82,82,82,85,85,85,85,88,90,90,92,95,87)
x<-c(79.0,87.0,75.0,94.0,69.0, 81.0,64.0,62.0,71.0,70.0,
     64.0,70.0,69.0,67.0,61.0,71.0,72.0,71.0, 88.0,83.0) 
y<-c(86.0,78.0,73.0,90.0,42.0,75.0,71.0,87.0,71.0,41.0,
     75.0,78.0,68.0,73.0,61.0,60.0,70.0,47.0,74.0,70.0)
x1 <- c(42,55,64,70,75,78,80,82,82,82,85,85,85,85,88,90,90,92,95,99)
x2 <- c(39,52,61,68,72,76,77,78,79,78,83,83,81,81,85,87,86,91,91,98)