# 例5.1.4
y = c(4,5,1,4,4,2,1,5,1,2,3,0,4,2,3,5,5,5,4,2,
      1,2,3,1,3,1,2,0,0,1,6,4,1,0,2,1,3,5,4,7) 

# 例5.1.5
y <- c(3.14,0.72,-1.30,-0.10,1.35,1.36,-0.42,-4.93,1.17,0.47, 
       2.23,-2.28,0.76,-0.74,4.49,-3.62,-1.58,-1.75,0.46,1.41) 