# 胡萝卜长度
x <- c(11.50,10.08,12.14,12.33,10.68,13.37,13.37, 
       11.79,12.83,11.32,14.51,11.84,12.13,13.23,
       12.34,10.46,12.82,13.87,11.20,12.99,13.44,
       11.54,12.79,12.94,12.82,13.48,12.77,13.37,
       11.96,12.38,12.20,12.07,11.89,11.04,10.17,
       10.34,12.66,10.62,11.98,11.82)

# 甲班成绩
x <- c(45,54,41,45,80,60,49,44,55,87,73,64,35,89,85,55,84,80,67,70,
       84,76,51,56,83,83,45,58,46,65,0,76,79,75,86,62,43,57,75,47) 
# 乙班成绩
y <- c(45,46,78,45,47,83,67,36,80,55,45,0,75,68,53,85,44,51,67,64,
       73,62,65,72,84,75,58,56,55,38,83,73,67,72,76,67,83,43,57,60) 